<?xml version="1.0"?>
<opencv_storage>
  <numberOfAreas>4</numberOfAreas>
  <area_1>
    <id>r1</id>
    <type>room</type>
    <polygons>
      <numberOfPolygons>1</numberOfPolygons>
      <polygon_1>
        3.7136903021769069e-01 1.4601102516071543e-01 3.7119002820912833e-01
        1.2064685591218000e-01 3.6880102895472999e-01 9.5374050029055177e-02
        3.6421441270154137e-01 7.0384993064384144e-02 3.5745938132284838e-01
        4.5870881342352871e-02 3.4858179124451183e-01 2.2020153527555208e-02
        3.3764416698343003e-01 -9.8274366110376841e-04 3.2472530309317676e-01
        -2.2958915797550900e-02 3.0991957039558421e-01 -4.3736630601517362e-02
        2.9333706775824042e-01 -6.3152735207590183e-02 2.7510169007309737e-01
        -8.1053885738348638e-02 2.5535141503556874e-01 -9.7298219104308858e-02
        2.3423646811486404e-01 -1.1175599850710946e-01 2.1191864628153589e-01
        -1.2431168031638626e-01 1.8856998434504504e-01 -1.3486399932872861e-01
        1.6437094986019354e-01 -1.4332771393379473e-01 1.3950964324916507e-01
        -1.4963392445349430e-01 1.1417974702157639e-01 -1.5373102437618891e-01
        8.8579304582291657e-02 -1.5558476565829127e-01 8.5867420861844942e-02
        -5.6624401437732272e-02 1.0284375910291972e-01 -5.5411797126092725e-02
        1.1964459052873548e-01 -5.2716144768454112e-02 1.3613975153434474e-01
        -4.8559132292008908e-02 1.5220196057656676e-01 -4.2974054592905847e-02
        1.6770702508436766e-01 -3.6005253036533701e-02 1.8253581805752953e-01
        -2.7707904590334665e-02 1.9657438863496832e-01 -1.8147576652932627e-02
        2.0971554428306369e-01 -7.3994590747360860e-03 2.2185919729725487e-01
        4.4520310621496435e-03 2.3291314657004802e-01 1.7314342574714828e-02
        2.4279440784925346e-01 3.1087073823026116e-02 2.5142872570969482e-01
        4.5663226951979712e-02 2.5875212244849966e-01 6.0929960080628905e-02
        2.6471066606638621e-01 7.6769279732720755e-02 2.6926128507956798e-01
        9.3059495197779160e-02 2.7237172322183967e-01 1.0967567885979630e-01
        2.7402066550664927e-01 1.2649086143257560e-01 2.7419826749855519e-01
        1.4337714826348419e-01
      </polygon_1>
    </polygons>
    <color>
      <r>45</r>
      <g>130</g>
      <b>220</b>
    </color>
    <controlMode>goStraight</controlMode>
    <motionPattern>pidController</motionPattern>
  </area_1>
  <area_2>
    <id>r2</id>
    <type>room</type>
    <polygons>
      <numberOfPolygons>1</numberOfPolygons>
      <polygon_1>
        8.8579304582291657e-02 -1.5558476565829127e-01 6.2908469782998966e-02
        -1.5517928684533294e-01 3.7368564431581534e-02 -1.5251660691674587e-01
        1.2159712269863796e-02 -1.4761722487930015e-01 -1.2520499588242572e-02
        -1.4051953458700822e-01 -3.6478794206284436e-02
        -1.3127948380947888e-01 -5.9527788949448622e-02
        -1.1997052987849574e-01 -8.1487753504714697e-02
        -1.0668265774688800e-01 -1.0218779238957924e-01
        -9.1521276545004929e-02 -1.2146769612726979e-01
        -7.4607071712287074e-02 -1.3917882740722623e-01
        -5.6074145013818029e-02 -1.5518549032337686e-01
        -3.6069326226270446e-02 -1.6936599755899301e-01
        -1.4750569017481580e-02 -1.8161350966222559e-01 7.7141093782111337e-03
        -1.9183694325364092e-01 3.1148368062470823e-02 -1.9996148804367614e-01
        5.5369070321007061e-02 -2.0592907619282710e-01 8.0187380404319455e-02
        -2.0969876285047981e-01 1.0541086051317981e-01 -2.1124692505141429e-01
        1.3084474960313763e-01 -1.1342289582967069e-01 1.3327844108694645e-01
        -1.1233776090656419e-01 1.1637748753867420e-01 -1.0977896805464778e-01
        9.9625875598176317e-02 -1.0576381962954079e-01 8.3152425704145383e-02
        -1.0032083693549189e-01 6.7083820356770990e-02 -9.3489912256671776e-02
        5.1544462019720572e-02 -8.5321730400124612e-02 3.6654596092425280e-02
        -7.5877509552923078e-02 2.2529879556365217e-02 -6.5228710642932758e-02
        9.2802585002301052e-03 -5.3456251650400632e-02 -2.9910112519898461e-03
        -4.0650086199934481e-02 -1.4187944648839646e-02
        -2.6908506638944160e-02 -2.4223154393231427e-02
        -1.2337215219852923e-02 -3.3017931958074516e-02 2.9512728088443296e-03
        -4.0503496998935247e-02 1.8838833122946135e-02 -4.6621120151773512e-02
        3.5202384977003828e-02 -5.1322934482991002e-02 5.1915026203718823e-02
        -5.4572373991658880e-02 6.8847162168576656e-02 -5.6344043564371303e-02
        8.5867420861844942e-02 -5.6624401437732272e-02
      </polygon_1>
    </polygons>
    <color>
      <r>100</r>
      <g>220</g>
      <b>100</b>
    </color>
    <controlMode>manual</controlMode>
    <motionPattern>pidController</motionPattern>
  </area_2>
  <area_3>
    <id>r3</id>
    <type>room</type>
    <polygons>
      <numberOfPolygons>1</numberOfPolygons>
      <polygon_1>
        -2.1124692505141429e-01 1.3084474960313763e-01 -2.1056720357284173e-01
        1.5629365342543591e-01 -2.0767045698836636e-01 1.8156295215952606e-01
        -2.0258440269719785e-01 2.0646044227329483e-01 -1.9535345670113002e-01
        2.3079775640803499e-01 -1.8603793165514193e-01 2.5439171998132026e-01
        -1.7471365594521565e-01 2.7706565336206718e-01 -1.6147117321834875e-01
        2.9865077782612448e-01 -1.4641482655806909e-01 3.1898718369992024e-01
        -1.2966204996761696e-01 3.3792509842712082e-01 -1.1134218332692992e-01
        3.5532580483897791e-01 -9.1595631500666769e-02 3.7106249985737955e-01
        -7.0572591919826955e-02 3.8502108565804033e-01 -4.8432028542033025e-02
        3.9710093436515886e-01 -2.5340415650392856e-02 4.0721546172115325e-01
        -1.4707242102355168e-03 4.1529263964874874e-01 2.2999163001453545e-02
        4.2127530725109691e-01 4.7887324457732125e-02 4.2512163888383148e-01
        7.3009360268410553e-02 4.2680514289493432e-01 7.5517792163772607e-02
        3.3083625406000083e-01 5.8749222750051282e-02 3.2969512254740346e-01
        4.2140618189944294e-02 3.2710598303058075e-01 2.5816210450858100e-02
        3.2308725347222617e-01 9.8982936483697648e-03 3.1766793988049291e-01
        -5.4935640822145618e-03 3.1088745261880785e-01 -2.0243521058631374e-02
        3.0279526347346769e-01 -3.4240175443886085e-02 2.9345058009633546e-01
        -4.7377467195326671e-02 2.8292212450440923e-01 -5.9555489325738391e-02
        2.7128754998122229e-01 -7.0681116886173637e-02 2.5863289700894404e-01
        -8.0668895706197077e-02 2.4505220927761831e-01 -8.9441600537017427e-02
        2.3064661469614312e-01 -9.6930854104548478e-02 2.1552383354392421e-01
        -1.0307785790553069e-01 1.9979736982269006e-01 -1.0783366054975917e-01
        1.8358559832123900e-01 -1.1115974681160784e-01 1.6701102979437207e-01
        -1.1302839390199219e-01 1.5019936114335730e-01 -1.1342289582967069e-01
        1.3327844108694645e-01
      </polygon_1>
    </polygons>
    <color>
      <r>220</r>
      <g>0</g>
      <b>0</b>
    </color>
    <controlMode>manual</controlMode>
    <motionPattern>pidController</motionPattern>
  </area_3>
  <area_4>
    <id>r4</id>
    <type>room</type>
    <polygons>
      <numberOfPolygons>1</numberOfPolygons>
      <polygon_1>
        7.3009360268410553e-02 4.2680514289493432e-01 9.8179381634132590e-02
        4.2631501326748955e-01 1.2321160066661659e-01 4.2365593542805163e-01
        1.4792109596684680e-01 4.1884819509264948e-01 1.7212545809718441e-01
        4.1192736761863125e-01 1.9564589622339634e-01 4.0294420195776126e-01
        2.1830836461787109e-01 3.9196419671493549e-01 2.3994483686792847e-01
        3.7906730016539675e-01 2.6039428179034269e-01 3.6434720559846950e-01
        2.7950405661431521e-01 3.4791108479288074e-01 2.9713068997430253e-01
        3.2987854982608894e-01 3.1314108415162822e-01 3.1038124147495777e-01
        3.2741338237363393e-01 2.8956165448446708e-01 3.3983805483913876e-01
        2.6757267287160602e-01 3.5031859306771335e-01 2.4457612368369824e-01
