<?xml version="1.0"?>
<opencv_storage>
  <numberOfAreas>4</numberOfAreas>
  <area_1>
    <id>r1</id>
    <type>room</type>
    <polygons>
      <numberOfPolygons>1</numberOfPolygons>
      <polygon_1>
      4.5525190651353903e-01 1.5790633425087183e-01 4.5514451209430407e-01
      1.3215224180001597e-01 4.5278950868811452e-01 1.0648994755482852e-01
      4.4819857782405509e-01 8.1115573004777244e-02 4.4140053670041951e-01
      5.6224014490368630e-02 4.3244165651040400e-01 3.2007457082573396e-02
      4.2138522215080554e-01 8.6540257215876291e-03 4.0831108367370000e-01
      -1.3653847156989968e-02 3.9331552444382917e-01 -3.4741157085821525e-02
      3.7651026387786651e-01 -5.4441577163330694e-02 3.5802218432760469e-01
      -7.2599128794759590e-02 3.3799184081160077e-01 -8.9069361844110198e-02
      3.1657295589805795e-01 -1.0372086621396287e-01 2.9393055373168114e-01
      -1.1643627914494627e-01 2.7024028433298258e-01 -1.2711367072275018e-01
      2.4568664964859915e-01 -1.3566712290251301e-01 2.2046133163408357e-01
      -1.4202763136267102e-01 1.9476175303227777e-01 -1.4614404451372529e-01
      1.6878957786574658e-01 -1.4798321040346551e-01 1.6563088664892933e-01
      -4.8310681748567161e-02 1.8291199550858545e-01 -4.7095506741509550e-02
      2.0001452367757822e-01 -4.4370343372224223e-02 2.1680576621482839e-01
      -4.0156696154542149e-02 2.3315560645822711e-01 -3.4487824872984081e-02
      2.4893734652620611e-01 -2.7408439768011505e-02 2.6402913003106904e-01
      -1.8974228727524634e-02 2.7831460965012850e-01 -9.2517363560623671e-03
      2.9168410941972900e-01 1.6826700905336906e-03 3.0403524024439710e-01
      1.3743275564011326e-02 3.1527396754122594e-01 2.6835574794426151e-02
      3.2531503009211526e-01 4.0857287946514421e-02 3.3408302090089376e-01
      5.5699250246397783e-02 3.4151236744114594e-01 7.1246193774040720e-02
      3.4754823631554166e-01 8.7377745729287262e-02 3.5214674616395636e-01
      1.0396939189038128e-01 3.5527509357347331e-01 1.2089365692966242e-01
      3.5691203010717304e-01 1.3802069755208735e-01 3.5704755967340668e-01
      1.5521973584877302e-01
      </polygon_1>
    </polygons>
    <color>
      <r>45</r>
      <g>130</g>
      <b>220</b>
    </color>
    <controlMode>goStraight</controlMode>
    <motionPattern>pidController</motionPattern>
  </area_1>
  <area_2>
    <id>r2</id>
    <type>room</type>
    <polygons>
      <numberOfPolygons>1</numberOfPolygons>
      <polygon_1>
      1.6878957786574658e-01 -1.4798321040346551e-01 1.4274850372044770e-01
      -1.4753024295037612e-01 1.1684293230709931e-01 -1.4478913552308900e-01
      9.1275903476669695e-02 -1.3978203401781239e-01 6.6247670693613855e-02
      -1.3254948281065257e-01 4.1953711784262326e-02 -1.2314994737342559e-01
      1.8583329202692334e-02 -1.1165906718245404e-01 -3.6822345767723022e-03
      -9.8169226558701944e-02 -2.4670847500303125e-02
      -8.2788441893517611e-02 -4.4221359950662530e-02
      -6.5639241889266120e-02 -6.2184396166447671e-02
      -4.6858113308921701e-02 -7.8423854248492575e-02
      -2.6593501466249791e-02 -9.2817607927004553e-02
      -5.0052958894281118e-03 -1.0525867743265394e-01 1.7737392203984768e-02
      -1.1565556975981187e-01 4.1456954640137281e-02 -1.2393310782047118e-01
      6.5968945507471038e-02 -1.3003277562068935e-01 9.1083865488485335e-02
      -1.3391315035932369e-01 1.1660826510899838e-01 -1.3554973499466028e-01
      1.4234644446344941e-01 -3.7419764693062331e-02 1.4479262255321934e-01
      -3.6273057485975084e-02 1.2762615116053783e-01 -3.3631439682769014e-02
      1.1061220043803495e-01 -2.9512872872558889e-02 9.3880694104478926e-02
      -2.3946497436940519e-02 7.7559880604500309e-02 -1.6972690630132563e-02
      6.1775000262602305e-02 -8.6426509425947991e-03 4.6647698723366930e-02
      9.8173602523937112e-04 3.2295046430830025e-02 1.1828502861509478e-02
      1.8828149759652121e-02 2.3815925426568105e-02 6.3519103411074414e-03
      3.6853166787680899e-02 -5.0363038796644730e-03 5.0840889738818333e-02
      -1.5247235525599194e-02 6.5672170604728047e-02 -2.4200644669640413e-02
      8.1233084014780327e-02 -3.1825943055160226e-02 9.7403715972438992e-02
      -3.8062874290118516e-02 1.1405908593503132e-01 -4.2862045423050089e-02
      1.3107031979137271e-01 -4.6185435172200869e-02 1.4830551488272942e-01
      -4.8006548624273622e-02 1.6563088664892933e-01 -4.8310681748567161e-02
      </polygon_1>
    </polygons>
    <color>
      <r>100</r>
      <g>220</g>
      <b>100</b>
    </color>
    <controlMode>manual</controlMode>
    <motionPattern>pidController</motionPattern>
  </area_2>
  <area_3>
    <id>r3</id>
    <type>room</type>
    <polygons>
      <numberOfPolygons>1</numberOfPolygons>
      <polygon_1>
      -1.3554973499466028e-01 1.4234644446344941e-01 -1.3493554626327486e-01
      1.6810195599110522e-01 -1.3208052559269576e-01 1.9367909454047197e-01
      -1.2701162213175773e-01 2.1888442567632926e-01 -1.1977229016309392e-01
      2.4352807935220136e-01 -1.1042219993864379e-01 2.6742526232266683e-01
      -9.9036380464950155e-02 2.9039753691627290e-01 -8.5704960392895740e-02
      3.1227417772736260e-01 -7.0531912881906439e-02 3.3289317927472589e-01
      -5.3634516448276000e-02 3.5210254930385304e-01 -3.5142303416524780e-02
      3.6976118592532664e-01 -1.5196152524913756e-02 3.8573983266890693e-01
      6.0530109110675029e-03 3.9992209639611370e-01 2.8445112189613795e-02
      4.1220490143449373e-01 5.1812241575013206e-02 4.2249935633051372e-01
      7.5979766137989818e-02 4.3073122679811671e-01 1.0076763802505158e-01
      4.3684134818779591e-01 1.2599169660624743e-01 4.4078612808431389e-01
      1.5146491861947642e-01 4.4253756398596533e-01 1.5410449179653748e-01
      3.4584685941419591e-01 1.3704239096858192e-01 3.4465854340820395e-01
      1.2015035486370576e-01 3.4199738331862045e-01 1.0355471196191803e-01
      3.3788284105226757e-01 8.7379703974847164e-02 3.3234506525160123e-01
      7.1746569287553241e-02 3.2542464125289933e-01 5.6772807436049455e-02
      3.1717259292058814e-01 4.2571143593401299e-02 3.0764965303505981e-01
      2.9248829298780820e-02 2.9692611753916220e-01 1.6906764285574638e-02
      2.8508136617536978e-01 5.6388373418734400e-03 2.7220325556826147e-01
      -4.4688212636830255e-03 2.5838754132585884e-01 -1.3338570873146310e-02
      2.4373719421604853e-01 -2.0901907179693438e-02 2.2836164205074289e-01
      -2.7099757065737223e-02 2.1237617692618849e-01 -3.1883318993303246e-02
      1.9590089642746356e-01 -3.5214280762947879e-02 1.7906001377722605e-01
      -3.7065206359250084e-02 1.6198077376494233e-01 -3.7419764693062331e-02
      1.4479262255321934e-01
      </polygon_1>
    </polygons>
    <color>
      <r>220</r>
      <g>0</g>
      <b>0</b>
    </color>
    <controlMode>manual</controlMode>
    <motionPattern>pidController</motionPattern>
  </area_3>
  <area_4>
    <id>r4</id>
    <type>room</type>
    <polygons>
      <numberOfPolygons>1</numberOfPolygons>
      <polygon_1>
      1.5146491861947642e-01 4.4253756398596533e-01 1.7699863294574425e-01
      4.4208360988558637e-01 2.0240403134630103e-01 4.3942805832978571e-01
      2.2749292424959422e-01 4.3459064522469348e-01 2.5207984478507089e-01
      4.2760669851484023e-01 2.7598267388739212e-01 4.1852709369461050e-01
      2.9902409163810834e-01 4.0741782289583545e-01 3.2103271467285094e-01
      3.9435949627171935e-01 3.4184444943558134e-01 3.7944709957397466e-01
      3.6130323693007288e-01 3.6278892233067245e-01 3.7926267210215470e-01
      3.4450632785288982e-01 3.9558661710763077e-01 3.2473283838195527e-01
      4.1015039296264316e-01 3.0361321152870496e-01 4.2284174655589629e-01
      2.8130254876359839e-01 4.3356159819434620e-01 2.5796529525606288e-01
      4.4222496407374640e-01 2.3377430037436120e-01 4.4876160060538856e-01
      2.0890948486851046e-01 4.5311674803802893e-01 1.8355665173677155e-01
      4.5525190651353903e-01 1.5790633425087183e-01 3.5704755967340668e-01
