<?xml version="1.0"?>
<opencv_storage>
  <numberOfAreas>8</numberOfAreas>
  <area_1>
    <id>r1</id>
    <type>room</type>
    <polygons>
      <numberOfPolygons>1</numberOfPolygons>
      <polygon_1>
  6.0208031887928504e-01 3.0253322008002620e-01 6.0124131643778533e-01
  2.7884772619627568e-01 5.9835832932477651e-01 2.5529203316080051e-01
  5.9344521492250901e-01 2.3204028398554913e-01 5.8653020322262095e-01
  2.0926567689683878e-01 5.7765645180929148e-01 1.8713936514070179e-01
  5.6688151855637259e-01 1.6582929157927470e-01 5.5427782565672468e-01
  1.4549889211071143e-01 5.3993170497856269e-01 1.2630584949429224e-01
  5.2394365987202862e-01 1.0840071653056188e-01 4.6767142595412625e-01
  1.6493008160191919e-01 4.7909003888948015e-01 1.7758061768591116e-01
  4.8935212277592754e-01 1.9115873226491589e-01 4.9838374520927992e-01
  2.0555867944438222e-01 5.0612110223433993e-01 2.2066948927732347e-01
  5.1251001670608531e-01 2.3637559552748386e-01 5.1750697542288426e-01
  2.5255755689183379e-01 5.2107849264614137e-01 2.6909330272445597e-01
  5.2320226720224883e-01 2.8585893460307532e-01 5.2386594684347343e-01
  3.0272943653327583e-01</polygon_1>
    </polygons>
    <color>
      <r>45</r>
      <g>130</g>
      <b>220</b>
    </color>
    <controlMode>goStraight</controlMode>
    <motionPattern>pidController</motionPattern>
  </area_1>
  <area_2>
    <id>r2</id>
    <type>room</type>
    <polygons>
      <numberOfPolygons>1</numberOfPolygons>
      <polygon_1>
  5.2394365987202862e-01 1.0840071653056188e-01 5.0642736426641921e-01
  9.1925654615268623e-02 4.8750936377510073e-01 7.7013238809755274e-02
  4.6732816976017388e-01 6.3785585716833168e-02 4.4603342182116934e-01
  5.2352355283836007e-02 4.2378504255081761e-01 4.2810492205738002e-02
  4.0075169707028802e-01 3.5242539307071809e-02 3.7710999030375564e-01
  2.9716153880058983e-02 3.5304283551313043e-01 2.6283108704023561e-02
  3.2873799651679031e-01 2.4978563312545249e-02 3.2911658984619413e-01
  1.0647919231139667e-01 3.4630724389638345e-01 1.0733155526470330e-01
  3.6334300730130165e-01 1.0968564503805726e-01 3.8009180324078073e-01
  1.1351901131451791e-01 3.9642468112379747e-01 1.1879779499903628e-01
  4.1221679703570341e-01 1.2547667543949173e-01 4.2734807761592752e-01
  1.3349996679475323e-01 4.4170459645099203e-01 1.4280164069901966e-01
  4.5517897321884809e-01 1.5330647917322660e-01 4.6767142595412625e-01
  1.6493008160191919e-01</polygon_1>
    </polygons>
    <color>
      <r>100</r>
      <g>220</g>
      <b>100</b>
    </color>
    <controlMode>manual</controlMode>
    <motionPattern>pidController</motionPattern>
  </area_2>
  <area_3>
    <id>r3</id>
    <type>room</type>
    <polygons>
      <numberOfPolygons>1</numberOfPolygons>
      <polygon_1>
  3.2873799651679031e-01 2.4978563312545249e-02 3.0438665360102468e-01
  2.5820555315506113e-02 2.8018165006792456e-01 2.8809657219379631e-02
  2.5631586889655827e-01 3.3928556711827811e-02 2.3298037366192401e-01
  4.1142339088713814e-02 2.1036288929856919e-01 5.0398068789928176e-02
  1.8864585850336260e-01 6.1626051655783956e-02 1.6800475460244954e-01
  7.4739115014727076e-02 1.4860658605599014e-01 8.9634415377246715e-02
  1.3060804773679205e-01 1.0619364354054736e-01 1.8926185629079537e-01
  1.6413513170291491e-01 2.0196342728775360e-01 1.5244215971654199e-01
  2.1564882254502921e-01 1.4191630857066748e-01 2.3020941804110145e-01
  1.3264034177786105e-01 2.4552949051188938e-01 1.2468607960595048e-01
  2.6148738035663166e-01 1.1811502943469339e-01 2.7795654605684222e-01
  1.1297681794728467e-01 2.9480667075546524e-01 1.0930951318848918e-01
  3.1190478776287733e-01 1.0713902682166446e-01 3.2911658984619413e-01
  1.0647919231139667e-01</polygon_1>
    </polygons>
    <color>
      <r>220</r>
      <g>0</g>
      <b>0</b>
    </color>
    <controlMode>manual</controlMode>
    <motionPattern>pidController</motionPattern>
  </area_3>
  <area_4>
    <id>r4</id>
    <type>room</type>
    <polygons>
      <numberOfPolygons>1</numberOfPolygons>
      <polygon_1>
  1.3060804773679205e-01 1.0619364354054736e-01 1.1415429472281863e-01
  1.2428427138103330e-01 9.9377378368543184e-02 1.4376098739145374e-01
  8.6395148508757694e-02 1.6446661016665293e-01 7.5310168765458624e-02
  1.8623381554960478e-01 6.6208702914539633e-02 2.0888676406357151e-01
  5.9160149288890920e-02 2.3224274433513262e-01 5.4216423272275452e-02
  2.5611375361844990e-01 5.1411648870286174e-02 2.8030838422395221e-01
  5.0762017111479679e-02 3.0463349052035948e-01 1.3258413984859460e-01
  3.0421642935131193e-01 1.3310743980323497e-01 2.8702288228164380e-01
  1.3514685583817149e-01 2.6993166894977311e-01 1.3868937112430160e-01
  2.5307740359705910e-01 1.4370964713199247e-01 2.3659305080880469e-01
  1.5017031628771735e-01 2.2060922314052123e-01 1.5802207641330859e-01
  2.0525273792397916e-01 1.6720417910425342e-01 1.9064545150303605e-01
  1.7764479849739384e-01 1.7690322132353203e-01 1.8926185629079537e-01
  1.6413513170291491e-01</polygon_1>
    </polygons>
    <color>
      <r>220</r>
      <g>100</g>
      <b>0</b>
    </color>
    <controlMode>manual</controlMode>
    <motionPattern>pidController</motionPattern>
  </area_4>
    <area_5>
    <id>r5</id>
    <type>room</type>
    <polygons>
      <numberOfPolygons>1</numberOfPolygons>
      <polygon_1>
  5.0762017111479679e-02 3.0463349052035948e-01 5.2265812641813680e-02
  3.2889603744896367e-01 5.5903674241659700e-02 3.5290480017512027e-01
  6.1638918677799096e-02 3.7647193894989411e-01 6.9418240121346633e-02
  3.9941462875532796e-01 7.9172304931929199e-02 4.2155664491087586e-01
  9.0816622766073413e-02 4.4272955590864510e-01 1.0425259317972779e-01
  4.6277408764055555e-01 1.1936845365727419e-01 4.8154134870855436e-01
  1.3604043231678803e-01 4.9889373329821346e-01 1.9234377473018785e-01
  4.4210514268540313e-01 1.8058165295054987e-01 4.2972821398265548e-01
  1.6993380879512579e-01 4.1636003003770455e-01 1.6048557672186442e-01
  4.0209980710235005e-01 1.5231368806536402e-01 3.8705433114266286e-01
  1.4548531382501942e-01 3.7133727133777167e-01 1.4005750174522155e-01
  3.5506826675415998e-01 1.3607657520966124e-01 3.3837203762111212e-01
  1.3357765821732079e-01 3.2137745735413253e-01 1.3258413984859460e-01
  3.0421642935131193e-01</polygon_1>
    </polygons>
    <color>
      <r>45</r>
      <g>130</g>
      <b>220</b>
    </color>
    <controlMode>goStraight</controlMode>
    <motionPattern>pidController</motionPattern>
  </area_5>
  <area_6>
    <id>r6</id>
    <type>room</type>
    <polygons>
      <numberOfPolygons>1</numberOfPolygons>
      <polygon_1>
  1.3604043231678803e-01 4.9889373329821346e-01 1.5413398580406534e-01
  5.1470575899878757e-01 1.7350514358400349e-01 5.2886490766362892e-01
  1.9400153727347635e-01 5.4127219160228868e-01 2.1546396235071055e-01
  5.5184270691149284e-01 2.3772754984142322e-01 5.6050579969813275e-01
  2.6062296469105811e-01 5.6720551148601273e-01 2.8397793170309776e-01
  5.7190057477985379e-01 3.0761819386590006e-01 5.7456452176017681e-01
  3.3136890043228706e-01 5.7518553457648525e-01 3.3098582834399903e-01
  4.9699697463334930e-01 3.1406918453308308e-01 4.9648781018796723e-01
  2.9724372808868699e-01 4.9451919447123482e-01 2.8063504908751835e-01
  4.9110181374524853e-01 2.6436780609171340e-01 4.8625699530188021e-01
  2.4856499755828698e-01 4.8001671485006375e-01 2.3334682412525745e-01
  4.7242349747225992e-01 2.1883001339862668e-01 4.6353022563012597e-01
  2.0512670071595004e-01 4.5339985915447650e-01 1.9234377473018785e-01
  4.4210514268540313e-01</polygon_1>
    </polygons>
    <color>
      <r>100</r>
      <g>220</g>
      <b>100</b>
    </color>
    <controlMode>manual</controlMode>
    <motionPattern>pidController</motionPattern>
  </area_6>
  <area_7>
    <id>r7</id>
    <type>room</type>
    <polygons>
      <numberOfPolygons>1</numberOfPolygons>
      <polygon_1>
  3.3136890043228706e-01 5.7518553457648525e-01 3.5505577842305680e-01
