<?xml version="1.0"?>
<opencv_storage>
  <numberOfAreas>4</numberOfAreas>
  <area_1>
    <id>r1</id>
    <type>room</type>
    <polygons>
      <numberOfPolygons>1</numberOfPolygons>
      <polygon_1>
  6.1112582504889579e-01 3.0310394113747113e-01 6.1006231449103709e-01
  2.7849374624310785e-01 6.0685088453005487e-01 2.5407463690921872e-01
  6.0151804849034096e-01 2.3003412668467646e-01 5.9410614655220251e-01
  2.0655635418069621e-01 5.8467400683182791e-01 1.8382085835073189e-01
  5.7329554421463347e-01 1.6200113293058493e-01 5.6005989647796772e-01
  1.4126313191289819e-01 5.4506988645023358e-01 1.2176448580023987e-01
  5.2844215443002496e-01 1.0365277358213330e-01 5.1030510799079687e-01
  8.7064697482899647e-02 4.9079867288026735e-01 7.2124761077818331e-02
  4.7007289118353152e-01 5.8945169692210385e-02 4.4828665906564513e-01
  4.7624015657707755e-02 4.2560672465324334e-01 3.8245261032812096e-02
  4.0220599339174307e-01 3.0877831849950268e-02 3.7826260995148653e-01
  2.5575548135806883e-02 3.5395834938325360e-01 2.2376290536902245e-02
  3.2947746430912017e-01 2.1302317055642589e-02 3.2918266710012023e-01
  1.0256090317683879e-01 3.4656773329774887e-01 1.0334013114794735e-01
  3.6382431280520516e-01 1.0562924476106261e-01 3.8082161468218872e-01
  1.0941174384488520e-01 3.9743047812733001e-01 1.1466028271070544e-01
  4.1352452587486838e-01 1.2133600231963172e-01 4.2898099891266450e-01
  1.2938952206335277e-01 4.4368192075929447e-01 1.3876052922557869e-01
  4.5751475068503500e-01 1.4937896645641549e-01 4.7037349343795554e-01
  1.6116488235084667e-01 4.8215910552643926e-01 1.7402943446045513e-01
  4.9278112367045607e-01 1.8787538891074695e-01 5.0215724496919756e-01
  2.0259768425960542e-01 5.1021508633319690e-01 2.1808458173838385e-01
  5.1689189477249853e-01 2.3421817681027562e-01 5.2213585888916059e-01
  2.5087549634640338e-01 5.2590568780862568e-01 2.6792934070222413e-01
  5.2817179117774227e-01 2.8524926378250548e-01 5.2891585150989695e-01
  3.0270274495751603e-01
      </polygon_1>
    </polygons>
    <color>
      <r>45</r>
      <g>130</g>
      <b>220</b>
    </color>
    <controlMode>goStraight</controlMode>
    <motionPattern>pidController</motionPattern>
  </area_1>
  <area_2>
    <id>r2</id>
    <type>room</type>
    <polygons>
      <numberOfPolygons>1</numberOfPolygons>
      <polygon_1>
  3.2947746430912017e-01 2.1302317055642589e-02 3.0500497169170315e-01
  2.2359494292192011e-02 2.8072558450044532e-01 2.5538248178464357e-02
  2.5682221282767148e-01 3.0812533707512215e-02 2.3347468988280998e-01
  3.8141348180461707e-02 2.1085841835793218e-01 4.7467878953527103e-02
  1.8914320718556299e-01 5.8720936315191409e-02 1.6849189573774639e-01
  7.1814847327050041e-02 1.4905932767857824e-01 8.6650549845492211e-02
  1.3099110675992129e-01 1.0311578382622767e-01 1.1442276106074410e-01
  1.2108660956162305e-01 9.9478622420112087e-02 1.4042789606121800e-01
  8.6270859513563863e-02 1.6099424530278536e-01 7.4899013023701055e-02
  1.8263116309804911e-01 6.5448728371177115e-02 2.0517628386758535e-01
  5.7991689390354137e-02 2.2846033688445722e-01 5.2584713975147933e-02
  2.5230855131589902e-01 4.9269445480668875e-02 2.7654161363435248e-01
  4.8071935373474303e-02 3.0097726027028132e-01 1.2926794694693081e-01
  3.0118689736662818e-01 1.3010882267574075e-01 2.8382598492323491e-01
  1.3245582799671890e-01 2.6660766568142930e-01 1.3629069902438776e-01
  2.4966186119470252e-01 1.4158392820578278e-01 2.3311627051848141e-01
  1.4829518019628310e-01 2.1709554233300782e-01 1.5637351128743801e-01
  2.0172044566747871e-01 1.6575783924760015e-01 1.8710681666076101e-01
  1.7637728044559123e-01 1.7336462995729432e-01 1.8815179924579201e-01
  1.6059757747992784e-01 2.0099269694389790e-01 1.4890200535500925e-01
  2.1480335167192272e-01 1.3836610175191480e-01 2.2947979466595303e-01
  1.2906971666181824e-01 2.4491157569163455e-01 1.2108322081265727e-01
  2.6098252865135485e-01 1.1446750620329249e-01 2.7757160553187787e-01
  1.0927289754816014e-01 2.9455377108186681e-01 1.0553946109506057e-01
  3.1180090428141544e-01 1.0329609710723479e-01 3.2918266710012023e-01
  1.0256090317683879e-01
      </polygon_1>
    </polygons>
    <color>
      <r>100</r>
      <g>220</g>
      <b>100</b>
    </color>
    <controlMode>manual</controlMode>
    <motionPattern>pidController</motionPattern>
  </area_2>
  <area_3>
    <id>r3</id>
    <type>room</type>
    <polygons>
      <numberOfPolygons>1</numberOfPolygons>
      <polygon_1>
  4.8071935373474303e-02 3.0097726027028132e-01 4.9002597787083858e-02
  3.2543158551773943e-01 5.2055836406442325e-02 3.4972015943616219e-01
  5.7210327216914950e-02 3.7365956664157707e-01 6.4428847983045781e-02
  3.9706869447011034e-01 7.3658671501482129e-02 4.1977015850392463e-01
  8.4831794360295532e-02 4.4159144931487815e-01 9.7865604684383586e-02
  4.6236644217888245e-01 1.1266303869430493e-01 4.8193656421735404e-01
  1.2911372266376886e-01 5.0015200968402429e-01 1.4709435111573158e-01
  5.1687299478365079e-01 1.6646976945531639e-01 5.3197070812577152e-01
  1.8709402877566655e-01 5.4532846354829734e-01 2.0881122455645137e-01
  5.5684260599687463e-01 2.3145682186551139e-01 5.6642336503497914e-01
  2.5485883104055124e-01 5.7399555489758336e-01 2.7883912147443779e-01
  5.7949928102615944e-01 3.0321474740080956e-01 5.8289044256400735e-01
  3.2779941376233646e-01 5.8414110951905895e-01 3.2799831195015189e-01
  5.0206632933048412e-01 3.1055689348878573e-01 5.0119452343814541e-01
  2.9326082581777330e-01 4.9880463237031381e-01 2.7624222740440801e-01
  4.9491589039939793e-01 2.5963090656732440e-01 4.8955913010322072e-01
  2.4355330964009289e-01 4.8277632853197144e-01 2.2813157059422659e-01
  4.7462028286647145e-01 2.1348272624516484e-01 4.6515419286579868e-01
  1.9971768121361835e-01 4.5445124468089271e-01 1.8694046661611652e-01
  4.4259375249827942e-01 1.7524740514707837e-01 4.2967281535823865e-01
  1.6472647273853749e-01 4.1578743668543683e-01 1.5545663024734249e-01
  4.0104374500652745e-01 1.4750722053402610e-01 3.8555415683937400e-01
  1.4093752451293964e-01 3.6943673757375012e-01 1.3579635107676150e-01
  3.5281386604066117e-01 1.3212165396956119e-01 3.3581176643501376e-01
  1.2994034035990662e-01 3.1855924831246096e-01 1.2926794694693081e-01
  3.0118689736662818e-01
      </polygon_1>
    </polygons>
    <color>
      <r>220</r>
      <g>0</g>
      <b>0</b>
    </color>
    <controlMode>manual</controlMode>
    <motionPattern>pidController</motionPattern>
  </area_3>
  <area_4>
    <id>r4</id>
    <type>room</type>
    <polygons>
      <numberOfPolygons>1</numberOfPolygons>
      <polygon_1>
  3.2779941376233646e-01 5.8414110951905895e-01 3.5240482648539057e-01
  5.8323977090620016e-01 3.7684231045758160e-01 5.8019159844241086e-01
  4.0092418388241380e-01 5.7501832016084931e-01 4.2446504607863178e-01
  5.6775819955739448e-01 4.4728362014612727e-01 5.5846567416951864e-01
  4.6920415462115661e-01 5.4721109437616333e-01 4.9005738251792924e-01
  5.3408006473344272e-01 5.0968244627018189e-01 5.1917295650969186e-01
  5.2792773492336864e-01 5.0260393728842334e-01 5.4465249083688194e-01
  4.8450025005869385e-01 5.5972764453720647e-01 4.6500110780590614e-01
  5.7303683764219804e-01 4.4425667485066744e-01 5.8447776186928413e-01
  4.2242678347563911e-01 5.9396233339451354e-01 3.9967966827340012e-01
  6.0141814356322465e-01 3.7619079613725359e-01 6.0678816473478281e-01
  3.5214120192743492e-01 6.1003211601209573e-01 3.2771621328532341e-01
  6.1112582504889579e-01 3.0310394113747113e-01 5.2891585150989695e-01
  3.0270274495751603e-01 5.2813148426295364e-01 3.2015595253205104e-01
  5.2582399371028332e-01 3.3747498756320254e-01 5.2201057339544266e-01
  3.5452690768369094e-01 5.1671998757672166e-01 3.7118075039217696e-01
  5.0999256801276271e-01 3.8730852601630600e-01 5.0187956300747549e-01
  4.0278630342185379e-01 4.9244337993589099e-01 4.1749513800104171e-01
  4.8175615403758942e-01 4.3132198946212486e-01 4.6990023763293126e-01
