<?xml version="1.0"?>
<opencv_storage>
  <numberOfAreas>8</numberOfAreas>
  <area_1>
    <id>r1</id>
    <type>room</type>
    <polygons>
      <numberOfPolygons>1</numberOfPolygons>
      <polygon_1>
  5.4865484991771885e-01 2.6984021674993536e-01 5.4781996177809944e-01
  2.4541982873608556e-01 5.4485733027571015e-01 2.2117313827089155e-01
  5.3979190408239741e-01 1.9728505860107104e-01 5.3266423489841597e-01
  1.7393765656839069e-01 5.2353099695423522e-01 1.5130830314350532e-01
  5.1246371112086986e-01 1.2956857891470758e-01 4.9954881553938291e-01
  1.0888276495270995e-01 4.8488620250498887e-01 8.9407026777805529e-02
  4.6858917096557279e-01 7.1287992250959997e-02 4.1057429413326463e-01
  1.2774046050016757e-01 4.2213013503254126e-01 1.4061706626225645e-01
  4.3252332138754479e-01 1.5445432705867806e-01 4.4167373638198298e-01
  1.6914782309934423e-01 4.4951101359625273e-01 1.8458652722240462e-01
  4.5597437128256818e-01 2.0065335473072618e-01 4.6101365243607700e-01
  2.1722643402857250e-01 4.6458916242457404e-01 2.3417979633499872e-01
  4.6667271607199884e-01 2.5138434211740335e-01 4.6724721715960515e-01
  2.6870885916480008e-01</polygon_1>
    </polygons>
    <color>
      <r>45</r>
      <g>130</g>
      <b>220</b>
    </color>
    <controlMode>goStraight</controlMode>
    <motionPattern>pidController</motionPattern>
  </area_1>
  <area_2>
    <id>r2</id>
    <type>room</type>
    <polygons>
      <numberOfPolygons>1</numberOfPolygons>
      <polygon_1>
  4.6858917096557279e-01 7.1287992250959997e-02 4.5078285517761357e-01
  5.4661576352539244e-02 4.3160367945036948e-01 3.9652145063868514e-02
  4.1119811972584669e-01 2.6371994828642782e-02 3.8972155464382052e-01
  1.4919697527271694e-02 3.6733723576060673e-01 5.3802884445109667e-03
  3.4421471359849598e-01 -2.1758190523383119e-03 3.2052902928719812e-01
  -7.6930242806764965e-03 2.9645909979676477e-01 -1.1131312743744246e-02
  2.7218641796799387e-01 -1.2465829152543193e-02 2.7113180414122728e-01
  6.8141359071097751e-02 2.8837587404857651e-01 6.9099628041814784e-02
  3.0547395758436618e-01 7.1553745658937254e-02 3.2229656658753680e-01
  7.5485656248005281e-02 3.3871659178585090e-01 8.0866399045408058e-02
  3.5460953863721295e-01 8.7656016220428651e-02 3.6985471413898652e-01
  9.5804103413783814e-02 3.8433630417901743e-01 1.0524946909122766e-01
  3.9794411661333440e-01 1.1592169241010972e-01 4.1057429413326463e-01
  1.2774046050016757e-01</polygon_1>
    </polygons>
    <color>
      <r>100</r>
      <g>220</g>
      <b>100</b>
    </color>
    <controlMode>manual</controlMode>
    <motionPattern>pidController</motionPattern>
  </area_2>
  <area_3>
    <id>r3</id>
    <type>room</type>
    <polygons>
      <numberOfPolygons>1</numberOfPolygons>
      <polygon_1>
  2.7218641796799387e-01 -1.2465829152543193e-02 2.4789387602689117e-01
  -1.1687848855404297e-02 2.2376419390467445e-01 -8.8039281790371435e-03
  1.9997894754824957e-01 -3.8367033362793281e-03 1.7671685057965700e-01
  3.1759982885300815e-03 1.5415268712329810e-01 1.2181029908678909e-02
  1.3245614001855721e-01 2.3110542183011260e-02 1.1179027300086858e-01
  3.5882330458255833e-02 9.2310572495205578e-02 5.0400682287929953e-02
  7.4163804170652131e-02 6.6556515638635891e-02 1.3042850221307137e-01
  1.2427142685869197e-01 1.4331963652124277e-01 1.1278840963616570e-01
  1.5715944121011621e-01 1.0246977774739542e-01 1.7184340000901108e-01
  9.3393383702736407e-02 1.8726060777218964e-01 8.5627506765049793e-02
  2.0329475440118483e-01 7.9230820920923151e-02 2.1982495917031294e-01
  7.4251531552178562e-02 2.3672649480108932e-01 7.0727454964368941e-02
  2.5387186880127505e-01 6.8685462267180919e-02 2.7113180414122728e-01
  6.8141359071097751e-02</polygon_1>
    </polygons>
    <color>
      <r>220</r>
      <g>0</g>
      <b>0</b>
    </color>
    <controlMode>manual</controlMode>
    <motionPattern>pidController</motionPattern>
  </area_3>
  <area_4>
    <id>r4</id>
    <type>room</type>
    <polygons>
      <numberOfPolygons>1</numberOfPolygons>
      <polygon_1>
  7.4163804170652131e-02 6.6556515638635891e-02 5.7486809756957455e-02
  8.4228897896229393e-02 4.2405661054447680e-02 1.0328535843461188e-01
  2.9034600112607733e-02 1.2358307742264657e-01 1.7475353533538934e-02
  1.4496969437057769e-01 7.8160127814983008e-03 1.6728474174582880e-01
  1.3085950511322153e-04 1.9036058313843404e-01 -5.5206798952160061e-03
  2.1402353192722151e-01 -9.0942412385697363e-03 2.3809523793489154e-01
  -1.0561011524352579e-02 2.6239414037219311e-01 7.0335403701600199e-02
  2.6342425899806526e-01 7.1360388633992022e-02 2.4616653747349804e-01
  7.3882850219578355e-02 2.2906735463728042e-01 7.7882843874005084e-02
  2.1225616211258794e-01 8.3329186146214429e-02 1.9585996339393158e-01
  9.0179898382286641e-02 1.8000252627890784e-01 9.8382520423527700e-02
  1.6480340611222830e-01 1.0787447761965743e-01 1.5037722550112984e-01
  1.1858354215640080e-01 1.3683257555366640e-01 1.3042850221307137e-01
  1.2427142685869197e-01</polygon_1>
    </polygons>
    <color>
      <r>220</r>
      <g>100</g>
      <b>0</b>
    </color>
    <controlMode>manual</controlMode>
    <motionPattern>pidController</motionPattern>
  </area_4>
    <area_5>
    <id>r5</id>
    <type>room</type>
    <polygons>
      <numberOfPolygons>1</numberOfPolygons>
      <polygon_1>
  -1.0561011524352579e-02 2.6239414037219311e-01 -9.9079362856246012e-03
  2.8673648807372798e-01 -7.1379611831690112e-03 3.1093794024000376e-01
  -2.2699733462739004e-03 3.3481476973891339e-01 4.6611976259257519e-03
  3.5818549120895032e-01 1.3605054039465755e-02 3.8087193388822849e-01
  2.4495648163511845e-02 4.0270080425179883e-01 3.7252171128220823e-02
  4.2350498141083787e-01 5.1779260072387902e-02 4.4312478985114956e-01
  6.7967961667328700e-02 4.6140932603260332e-01 1.2622635758554027e-01
  4.0463672980921767e-01 1.1472492219464613e-01 3.9167518100083865e-01
  1.0440023459124842e-01 3.7776366587254573e-01 9.5330031055102266e-02
  3.6300889551284243e-01 8.7582441991544954e-02 3.4752385351603438e-01
  8.1215464677956165e-02 3.3142694104643761e-01 7.6276377995339206e-02
  3.1484096829310354e-01 7.2801696534964350e-02 2.9789231923528670e-01
  7.0816715369242902e-02 2.8070992665728084e-01 7.0335403701600199e-02
  2.6342425899806526e-01</polygon_1>
    </polygons>
    <color>
      <r>45</r>
      <g>130</g>
      <b>220</b>
    </color>
    <controlMode>goStraight</controlMode>
    <motionPattern>pidController</motionPattern>
  </area_5>
  <area_6>
    <id>r6</id>
    <type>room</type>
    <polygons>
      <numberOfPolygons>1</numberOfPolygons>
      <polygon_1>
  6.7967961667328700e-02 4.6140932603260332e-01 8.5696294533606734e-02
  4.7821753553684615e-01 1.0483020056843707e-01 4.9341943321581677e-01
  1.2522466924037073e-01 5.0689717464497119e-01 1.4672459219237835e-01
  5.1854584206254051e-01 1.6916607052577506e-01 5.2827465619505742e-01
  1.9237771661247183e-01 5.3600734276186546e-01 2.1618183410230549e-01
  5.4168305534872307e-01 2.4039596945777217e-01 5.4525677318826304e-01
  2.6483415664019494e-01 5.4669973657345849e-01 2.6591320954937192e-01
  4.6501786253103228e-01 2.4858405283552115e-01 4.6400504855647429e-01
  2.3141172507798055e-01 4.6148258430888561e-01 2.1452775919872072e-01
  4.5747036246623635e-01 1.9806134392799668e-01 4.5199993182887627e-01
  1.8213832466594346e-01 4.4511387539297198e-01 1.6688020330226494e-01
  4.3686572852035627e-01 1.5240324685521120e-01 4.2731941797889017e-01
  1.3881760308296040e-01 4.1654870068126648e-01 1.2622635758554027e-01
  4.0463672980921767e-01</polygon_1>
    </polygons>
    <color>
      <r>100</r>
      <g>220</g>
      <b>100</b>
    </color>
    <controlMode>manual</controlMode>
    <motionPattern>pidController</motionPattern>
  </area_6>
  <area_7>
    <id>r7</id>
    <type>room</type>
    <polygons>
      <numberOfPolygons>1</numberOfPolygons>
      <polygon_1>
  2.6483415664019494e-01 5.4669973657345849e-01 2.8930852638816362e-01
