<?xml version="1.0"?>
<opencv_storage>
  <numberOfAreas>4</numberOfAreas>
  <area_1>
    <id>r1</id>
    <type>room</type>
    <polygons>
      <numberOfPolygons>1</numberOfPolygons>
      <polygon_1>
  5.5136287749378521e-01 2.7133089272736377e-01 5.5051692675351593e-01
  2.4663613441612264e-01 5.4751943884151411e-01 2.2211727974799711e-01
  5.4239551581996170e-01 1.9796149459604809e-01 5.3518650702061998e-01
  1.7435271470407177e-01 5.2594950034591215e-01 1.5147029236523518e-01
  5.1475713211763663e-01 1.2948766111300836e-01 5.0169656957745057e-01
  1.0857100396017967e-01 4.8686900547103745e-01 8.8878195629418594e-02
  4.7038903521020836e-01 7.0557374422408350e-02 4.5238320977640900e-01
  5.3745960167648175e-02 4.3298942643532734e-01 3.8569754993557012e-02
  4.1235582192770254e-01 2.5141982107296058e-02 3.9063961118074630e-01
  1.3562646430131678e-02 3.6800562768058592e-01 3.9173882282571527e-03
  3.4462549836720013e-01 -3.7223879576324917e-03 3.2067602225249064e-01
  -9.3007885408128172e-03 2.9633811420015449e-01 -1.2777056863942250e-02
  2.7179533009842782e-01 -1.4126349446150925e-02 2.7066540751879042e-01
  7.2264481537952174e-02 2.8767522883121160e-01 7.3210361207411215e-02
  3.0454090184897303e-01 7.5631811819266426e-02 3.2113488381808786e-01
  7.9510966333516481e-02 3.3733156780524975e-01 8.4819297463803622e-02
  3.5300828398705913e-01 9.1517345552003665e-02 3.6804591406151588e-01
  9.9555326578223122e-02 3.8233034726211373e-01 1.0887305092339671e-01
  3.9575278739915726e-01 1.1940071557854717e-01 4.0821076838945813e-01
  1.3105951544153641e-01 4.1960924914239284e-01 1.4376149508292019e-01
  4.2986061056948016e-01 1.5741123108382868e-01 4.3888621071862643e-01
  1.7190544147301204e-01 4.4661658496590162e-01 1.8713455217488453e-01
  4.5299172447680530e-01 2.0298331695528218e-01 4.5796205943234897e-01
  2.1933138821477588e-01 4.6148873631484505e-01 2.3605452134802418e-01
  4.6354370958976088e-01 2.5302533805290417e-01 4.6411021078789999e-01
  2.7011454692738535e-01</polygon_1>
    </polygons>
    <color>
      <r>45</r>
      <g>130</g>
      <b>220</b>
    </color>
    <controlMode>goStraight</controlMode>
    <motionPattern>pidController</motionPattern>
  </area_1>
  <area_2>
    <id>r2</id>
    <type>room</type>
    <polygons>
      <numberOfPolygons>1</numberOfPolygons>
      <polygon_1>
  2.7179533009842782e-01 -1.4126349446150925e-02 2.4723245660951906e-01
  -1.3339696295772370e-02 2.2283429961757376e-01 -1.0423905386846996e-02
  1.9878429152418461e-01 -5.4016065523961460e-03 1.7526319868611109e-01
  1.6887571725391127e-03 1.5244769584823026e-01 1.0793619620557564e-02
  1.3050923663678057e-01 2.1844276363484995e-02 1.0961278264692549e-01
  3.4757803664295067e-02 8.9915474906075196e-02 4.9437331916100190e-02
  7.1565707170250736e-02 6.5772628221469856e-02 5.4701894106251613e-02
  8.3641487521775679e-02 3.9451469053068081e-02 1.0290997873242876e-01
  2.5929983404063762e-02 1.2343363389340710e-01 1.4240240352431443e-02
  1.4505869631888788e-01 4.4715050698547433e-03 1.6762273332046612e-01
  -3.3012360439037139e-03 1.9095632564367679e-01 -9.0177619357470467e-03
  2.1488387482074758e-01 -1.2633175825815442e-02 2.3922517410691743e-01
  -1.4118293886509094e-02 2.6379648044724102e-01 7.2590216093919566e-02
  2.6489841434007250e-01 7.3601308756070488e-02 2.4787419126131402e-01
  7.6089755021929301e-02 2.3100645531567718e-01 8.0035626886416397e-02
  2.1442277947933139e-01 8.5408320039077210e-02 1.9824855358863927e-01
  9.2166369306124526e-02 1.8260574316077557e-01 1.0025800620449800e-01
  1.6761254946967727e-01 1.0962147568201706e-01 1.5338179930160500e-01
  1.2018561094513859e-01 1.4002073475477425e-01 1.3187022409593832e-01
  1.2762997558187875e-01 1.4458674135822638e-01 1.1630267374202635e-01
  1.5823910964876342e-01 1.0612423924646010e-01 1.7272404489136362e-01
  9.7171167124738930e-02 1.8793227500710707e-01 8.9510949797183062e-02
  2.0374905817080941e-01 8.3201405094529973e-02 2.2005501352143061e-01
  7.8290129335414405e-02 2.3672719791429778e-01 7.4814390842175504e-02
  2.5363990275655846e-01 7.2800570317444760e-02 2.7066540751879042e-01
  7.2264481537952174e-02</polygon_1>
    </polygons>
    <color>
      <r>100</r>
      <g>220</g>
      <b>100</b>
    </color>
    <controlMode>manual</controlMode>
    <motionPattern>pidController</motionPattern>
  </area_2>
  <area_3>
    <id>r3</id>
    <type>room</type>
    <polygons>
      <numberOfPolygons>1</numberOfPolygons>
      <polygon_1>
  -1.4118293886509094e-02 2.6379648044724102e-01 -1.3459876665904232e-02
  2.8841197717565231e-01 -1.0660824461545418e-02 3.1288537465970473e-01
  -5.7401952817726287e-03 3.3703085763037099e-01 1.2668697391812315e-03
  3.6066484065604526e-01 1.0309321815573013e-02 3.8360716659466781e-01
  2.1320565644584264e-02 4.0568254403826770e-01 3.4218822819776423e-02
  4.2672193529622632e-01 4.8907834299135887e-02 4.4656383546151257e-01
  6.5277314158162514e-02 4.6505559258653328e-01 8.3204034894738238e-02
  4.8205449353455060e-01 1.0255242660331601e-01 4.9742907615043302e-01
  1.2317579800496685e-01 5.1106004403928185e-01 1.4491731301049901e-01
  5.2284137542417775e-01 1.6761124021275084e-01 5.3268112062441819e-01
  1.9108418599412563e-01 5.4050210473124227e-01 2.1515646698180593e-01
  5.4624279138562348e-01 2.3964350377624433e-01 5.4985761588287618e-01
  2.6435725737384574e-01 5.5131745702253676e-01 2.6551522857953558e-01
  4.6375939902093033e-01 2.4842152728137204e-01 4.6276069464673047e-01
  2.3148244072743504e-01 4.6027268561175017e-01 2.1482772977739850e-01
  4.5631521697604227e-01 1.9858482373230837e-01 4.5091921232311005e-01
  1.8287784367138427e-01 4.4412678766079888e-01 1.6782670512834830e-01
  4.3599066110899243e-01 1.5354609465997124e-01 4.2657394221293865e-01
  1.4014462003693109e-01 4.1594938068343518e-01 1.2772405902483552e-01
  4.0419887262201259e-01 1.1637845459597128e-01 3.9141302985406062e-01
  1.0619364090739265e-01 3.7768999318775037e-01 9.7246317556121425e-02
  3.6313507208347212e-01 8.9603647183745555e-02 3.4785972710776447e-01
  8.3322885737449240e-02 3.3198074961600749e-01 7.8450700860341727e-02
  3.1561925222634724e-01 7.5023059114025931e-02 2.9889999191213257e-01
  7.3064932327148849e-02 2.8195009272873078e-01 7.2590216093919566e-02
  2.6489841434007250e-01</polygon_1>
    </polygons>
    <color>
      <r>220</r>
      <g>0</g>
      <b>0</b>
    </color>
    <controlMode>manual</controlMode>
    <motionPattern>pidController</motionPattern>
  </area_3>
  <area_4>
    <id>r4</id>
    <type>room</type>
    <polygons>
      <numberOfPolygons>1</numberOfPolygons>
      <polygon_1>
  2.6435725737384574e-01 5.5131745702253676e-01 2.8910767932215253e-01
  5.5060995744052343e-01 3.1370427155749747e-01 5.4773954783540157e-01
  3.3795758945057058e-01 5.4272755506240478e-01 3.6168065885212519e-01
  5.3561200832551592e-01 3.8469071826850404e-01 5.2644727690941695e-01
  4.0681025763751688e-01 5.1530384365447823e-01 4.2786902088583656e-01
  5.0226755110480148e-01 4.4770485196257959e-01 4.8743902517819049e-01
  4.6616511326764853e-01 4.7093282322585844e-01 4.8310803326253382e-01
  4.5287647412348286e-01 4.9840385134550225e-01 4.3340960204045664e-01
  5.1193557210863649e-01 4.1268262136554917e-01 5.2360008851976281e-01
  3.9085562400520735e-01 5.3330891043151596e-01 3.6809703436828567e-01
  5.4098881505721796e-01 3.4458229503942389e-01 5.4658248510165508e-01
  3.2049242666923700e-01 5.5004874953235972e-01 2.9601265081650247e-01
  5.5136287749378521e-01 2.7133089272736377e-01 4.6411021078789999e-01
  2.7011454692738535e-01 4.6318296797900693e-01 2.8719156247615729e-01
  4.6076790374603094e-01 3.0412588779380789e-01 4.5688273049766870e-01
  3.2078784609636446e-01 4.5155625971121660e-01 3.3704977802147912e-01
  4.4482853987278598e-01 3.5278687174464224e-01 4.3675034710723487e-01
  3.6787827453784872e-01 4.2738305472088883e-01 3.8220802041900193e-01
  4.1679798584621758e-01 3.9566591971061582e-01 4.0507588759611352e-01
