<?xml version="1.0"?>
<opencv_storage>
  <polygon>
    0.18 0.25
    0.18 0.48
    0.39 0.48
    0.39 0.25
  </polygon>
</opencv_storage>
