<?xml version="1.0"?>
<opencv_storage>
    <cameraType>basler</cameraType>
    <worldUnits>cm</worldUnits>
    <cameraHeight>130</cameraHeight>
    <agentHeight>3</agentHeight>
    <imageSize>
        <width>512</width>
        <height>512</height>
    </imageSize>
    <cameraMatrix type_id="opencv-matrix">
        <rows>3</rows>
        <cols>3</cols>
        <dt>d</dt>
        <data>
            5.846024566913754370e+02 0.000000000000000000e+00 2.458203474087355005e+02 0.000000000000000000e+00 5.843303345064558698e+02 2.630475986316493504e+02 0.000000000000000000e+00 0.000000000000000000e+00 1.000000000000000000e+00
        </data>
    </cameraMatrix>
    <distortionCoefficients type_id="opencv-matrix">
        <rows>1</rows>
        <cols>5</cols>
        <dt>d</dt>
        <data>
            -8.998210591977473527e-02 2.260818710933712727e-01 2.597424344431631307e-03 2.087609209190694371e-04 4.325860825661990289e-02
        </data>
    </distortionCoefficients>
    <invertX>0</invertX>
    <invertY>1</invertY>
    <calibrationPoints>
        <numberOfPoints>21</numberOfPoints>
        <point_0>
            <xWorld>-13.6</xWorld>
            <yWorld>0</yWorld>
            <xImage>168.459</xImage>
            <yImage>306.188</yImage>
        </point_0>
        <point_1>
            <xWorld>0</xWorld>
            <yWorld>0</yWorld>
            <xImage>227.342</xImage>
            <yImage>304.73</yImage>
        </point_1>
        <point_2>
            <xWorld>13.6</xWorld>
            <yWorld>0</yWorld>
            <xImage>289.813</xImage>
            <yImage>306.748</yImage>
        </point_2>
        <point_3>
            <xWorld>27.2</xWorld>
            <yWorld>0</yWorld>
            <xImage>348.807</xImage>
            <yImage>308.543</yImage>
        </point_3>
        <point_4>
            <xWorld>40.8</xWorld>
            <yWorld>0</yWorld>
            <xImage>412.624</xImage>
            <yImage>308.992</yImage>
        </point_4>
        <point_5>
            <xWorld>-13.6</xWorld>
            <yWorld>13.6</yWorld>
            <xImage>168.123</xImage>
            <yImage>241.81</yImage>
        </point_5>
        <point_6>
            <xWorld>0</xWorld>
            <yWorld>13.6</yWorld>
            <xImage>230.258</xImage>
            <yImage>244.95</yImage>
        </point_6>
        <point_7>
            <xWorld>13.6</xWorld>
            <yWorld>13.6</yWorld>
            <xImage>291.159</xImage>
            <yImage>246.969</yImage>
        </point_7>
        <point_8>
            <xWorld>27.2</xWorld>
            <yWorld>13.6</yWorld>
            <xImage>351.948</xImage>
            <yImage>247.866</yImage>
        </point_8>
        <point_9>
            <xWorld>40.8</xWorld>
            <yWorld>13.6</yWorld>
            <xImage>413.746</xImage>
            <yImage>250.782</yImage>
        </point_9>
        <point_10>
            <xWorld>-13.6</xWorld>
            <yWorld>27.2</yWorld>
            <xImage>169.469</xImage>
            <yImage>179.675</yImage>
        </point_10>
        <point_11>
            <xWorld>0</xWorld>
            <yWorld>27.2</yWorld>
            <xImage>230.818</xImage>
            <yImage>182.928</yImage>
        </point_11>
        <point_12>
            <xWorld>13.6</xWorld>
            <yWorld>27.2</yWorld>
            <xImage>292.617</xImage>
            <yImage>183.825</yImage>
        </point_12>
        <point_13>
            <xWorld>27.2</xWorld>
            <yWorld>27.2</yWorld>
            <xImage>354.303</xImage>
            <yImage>186.404</yImage>
        </point_13>
        <point_14>
            <xWorld>40.8</xWorld>
            <yWorld>27.2</yWorld>
            <xImage>416.774</xImage>
            <yImage>188.872</yImage>
        </point_14>
        <point_15>
            <xWorld>0</xWorld>
            <yWorld>40.8</yWorld>
            <xImage>233.062</xImage>
            <yImage>121.354</yImage>
        </point_15>
        <point_16>
            <xWorld>13.6</xWorld>
            <yWorld>40.8</yWorld>
            <xImage>293.065</xImage>
            <yImage>122.139</yImage>
        </point_16>
        <point_17>
            <xWorld>27.2</xWorld>
            <yWorld>40.8</yWorld>
            <xImage>356.097</xImage>
            <yImage>121.802</yImage>
        </point_17>
        <point_18>
            <xWorld>0</xWorld>
            <yWorld>-13.6</yWorld>
            <xImage>228.8</xImage>
            <yImage>367.65</yImage>
        </point_18>
        <point_19>
            <xWorld>13.6</xWorld>
            <yWorld>-13.6</yWorld>
            <xImage>287.794</xImage>
            <yImage>370.902</yImage>
        </point_19>
        <point_20>
            <xWorld>27.2</xWorld>
            <yWorld>-13.6</yWorld>
            <xImage>348.695</xImage>
            <yImage>373.93</yImage>
        </point_20>
    </calibrationPoints>
</opencv_storage>
