<?xml version="1.0"?>
<opencv_storage>
    <experiment>
        <type>Interspecies</type>
        <name>Circular</name>
        <!-- TODO : try to minimize the redundancy of the information on the quantity of agents. -->
        <agents>
            <numberOfAnimals>5</numberOfAnimals>
        </agents>
        <setupMapPath>setup/paris-circular.xml</setupMapPath>
    </experiment>
    <robots>
        <numberOfRobots>1</numberOfRobots>
        <controlFrequencyHz>10</controlFrequencyHz>
        <fishModel>
            <agent>
                <length>0.02</length>
                <width>0.02</width>
                <height>0.01</height>
                <fov>169</fov>
                <meanSpeed>-2.65</meanSpeed>
                <varSpeed>0.51</varSpeed>
            </agent>
            <BM>
                <kappaFishes>20.0</kappaFishes>
                <alphasCenter>55.0</alphasCenter>
                <kappaNeutCenter>6.3</kappaNeutCenter>
                <repulsionFromAgentsAtDist>0.02</repulsionFromAgentsAtDist>
            </BM>
            <BMWithWalls>
                <kappaFishes>10.0</kappaFishes>
                <alpha>25.0</alpha>
                <kappaNeutCenter>6.3</kappaNeutCenter>
                <repulsionFromAgentsAtDist>0.02</repulsionFromAgentsAtDist>
                <wallDistanceThreshold>0.02</wallDistanceThreshold>
            </BMWithWalls>
            <ZonedBM>
                <numberOfZones>3</numberOfZones>
                <zone_1>
                  <polygons>
                    <numberOfPolygons>1</numberOfPolygons>
                    <polygon_1>
                        6.0208031887928504e-01 3.0253322008002620e-01 6.0124131643778533e-01
                        2.7884772619627568e-01 5.9835832932477651e-01 2.5529203316080051e-01
                        5.9344521492250901e-01 2.3204028398554913e-01 5.8653020322262095e-01
                        2.0926567689683878e-01 5.7765645180929148e-01 1.8713936514070179e-01
                        5.6688151855637259e-01 1.6582929157927470e-01 5.5427782565672468e-01
                        1.4549889211071143e-01 5.3993170497856269e-01 1.2630584949429224e-01
                        5.2394365987202862e-01 1.0840071653056188e-01 5.0642736426641921e-01
                        9.1925654615268623e-02 4.8750936377510073e-01 7.7013238809755274e-02
                        4.6732816976017388e-01 6.3785585716833168e-02 4.4603342182116934e-01
                        5.2352355283836007e-02 4.2378504255081761e-01 4.2810492205738002e-02
                        4.0075169707028802e-01 3.5242539307071809e-02 3.7710999030375564e-01
                        2.9716153880058983e-02 3.5304283551313043e-01 2.6283108704023561e-02
                        3.2873799651679031e-01 2.4978563312545249e-02 3.0438665360102468e-01
                        2.5820555315506113e-02 2.8018165006792456e-01 2.8809657219379631e-02
                        2.5631586889655827e-01 3.3928556711827811e-02 2.3298037366192401e-01
                        4.1142339088713814e-02 2.1036288929856919e-01 5.0398068789928176e-02
                        1.8864585850336260e-01 6.1626051655783956e-02 1.6800475460244954e-01
                        7.4739115014727076e-02 1.4860658605599014e-01 8.9634415377246715e-02
                        1.3060804773679205e-01 1.0619364354054736e-01 1.1415429472281863e-01
                        1.2428427138103330e-01 9.9377378368543184e-02 1.4376098739145374e-01
                        8.6395148508757694e-02 1.6446661016665293e-01 7.5310168765458624e-02
                        1.8623381554960478e-01 6.6208702914539633e-02 2.0888676406357151e-01
                        5.9160149288890920e-02 2.3224274433513262e-01 5.4216423272275452e-02
                        2.5611375361844990e-01 5.1411648870286174e-02 2.8030838422395221e-01
                        5.0762017111479679e-02 3.0463349052035948e-01 5.2265812641813680e-02
                        3.2889603744896367e-01 5.5903674241659700e-02 3.5290480017512027e-01
                        6.1638918677799096e-02 3.7647193894989411e-01 6.9418240121346633e-02
                        3.9941462875532796e-01 7.9172304931929199e-02 4.2155664491087586e-01
                        9.0816622766073413e-02 4.4272955590864510e-01 1.0425259317972779e-01
                        4.6277408764055555e-01 1.1936845365727419e-01 4.8154134870855436e-01
                        1.3604043231678803e-01 4.9889373329821346e-01 1.5413398580406534e-01
                        5.1470575899878757e-01 1.7350514358400349e-01 5.2886490766362892e-01
                        1.9400153727347635e-01 5.4127219160228868e-01 2.1546396235071055e-01
                        5.5184270691149284e-01 2.3772754984142322e-01 5.6050579969813275e-01
                        2.6062296469105811e-01 5.6720551148601273e-01 2.8397793170309776e-01
                        5.7190057477985379e-01 3.0761819386590006e-01 5.7456452176017681e-01
                        3.3136890043228706e-01 5.7518553457648525e-01 3.5505577842305680e-01
                        5.7376633277783418e-01 3.7850609649629441e-01 5.7032392433538059e-01
                        4.0154995416293537e-01 5.6488935579467048e-01 4.2402110446821167e-01
                        5.5750723875246277e-01 4.4575824389614782e-01 5.4823539023533685e-01
                        4.6660561410744528e-01 5.3714436625164541e-01 4.8641421392697337e-01
                        5.2431691386212664e-01 5.0504234820329319e-01 5.0984733087418077e-01
                        5.2235662341970257e-01 4.9384095527198474e-01 5.3823278949187658e-01
                        4.7641347197215689e-01 5.5255637712446726e-01 4.5769021274566113e-01
                        5.6522320093517775e-01 4.3780531853751875e-01 5.7614052175429942e-01
                        4.1690114251405735e-01 5.8522687281656660e-01 3.9512726775913787e-01
                        5.9241352603444153e-01 3.7263976705001639e-01 5.9764426253457037e-01
                        3.4960024019609598e-01 6.0087630169686224e-01 3.2617480316466313e-01
                        6.0208031887928504e-01 3.0253322008002620e-01 5.8605520020520718e-01
                        3.0257187845925609e-01 5.8493864879687429e-01 3.2482244906368030e-01
                        5.8191159176402540e-01 3.4687212789594618e-01 5.7700116721927941e-01
                        3.6856075393028026e-01 5.7024739870285546e-01 3.8973130204104001e-01
                        5.6170294563848056e-01 4.1023116274356103e-01 5.5143266993264706e-01
                        4.2991291581232677e-01 5.3951301644502259e-01 4.4863507084205845e-01
                        5.2603169175592135e-01 4.6626314414328490e-01 5.1108673188674025e-01
                        4.8267029804577305e-01 4.9478653453861238e-01 4.9773814430916308e-01
                        4.7724835602869775e-01 5.1135744522187399e-01 4.5859831198923995e-01
                        5.2342877418420097e-01 4.3897013235703630e-01 5.3386311634685146e-01
                        4.1850491958092900e-01 5.4258255119835708e-01 3.9734970180926160e-01
                        5.4952068870761528e-01 3.7565691048069644e-01 5.5462330031539320e-01
                        3.5358367429801096e-01 5.5784856968331920e-01 3.3129036338056267e-01
                        5.5916773095583838e-01 3.0893997080920998e-01 5.5856517085475976e-01
                        2.8669691080354998e-01 5.5603892449738124e-01 2.6472602142575519e-01
                        5.5160068019952024e-01 2.4319146020355265e-01 5.4527608246930304e-01
                        2.2225541782701919e-01 5.3710460983180963e-01 2.0207714913136998e-01
                        5.2713974310319167e-01 1.8281159271524233e-01 5.1544850716638235e-01
                        1.6460827737531272e-01 5.0211169871863082e-01 1.4761008908591583e-01
                        4.8722295260532072e-01 1.3195201876102750e-01 4.7088877100031257e-01
