<?xml version="1.0"?>
<opencv_storage>
  <polygon>
  <!-- contre-clock-wise -->
    -0.34 -0.26 -0.30 -0.295
    0.005 -0.285 0.04 -0.24
    0.035 0.01
    0.2 0.185
    0.45 0.195 0.485 0.23
    0.475 0.52 0.435 0.56
    0.145 0.55 0.11 0.50
    0.11 0.26
    -0.06 0.09
    -0.325 0.08 -0.35 0.05
  </polygon>
  <excludedPolygons>
  </excludedPolygons>
</opencv_storage>
