<?xml version="1.0"?>
<opencv_storage>
  <polygon>
    -0.32 -0.29 -0.335 0.07 -0.06 0.09 0.11 0.26 0.115 0.535 0.465 0.55 0.48 0.2 0.2 0.185 0.035 0.01 0.035 -0.27
  </polygon>
  <excludedPolygons>
  </excludedPolygons>
</opencv_storage>
