<?xml version="1.0"?>
<opencv_storage>
  <polygon>
  <!-- contre-clock-wise -->
  0.134 -0.261
  0.129 0.048
  0.080 0.048
  0.080 0.097
  0.131 0.100
  0.129 0.257
  0.283 0.261
  0.282 0.308
  0.332 0.308
  0.332 0.261
  0.483 0.266
  0.481 0.414
  0.329 0.410
  0.328 0.360
  0.279 0.358
  0.278 0.406
  -0.029 0.401
  -0.029 0.355
  -0.081 0.354
  -0.082 0.402
  -0.235 0.399
  -0.230 0.096
  -0.182 0.096
  -0.180 0.047
  -0.232 0.045
  -0.228 -0.268
  -0.070 -0.264
  -0.071 -0.217
  -0.021 -0.215
  -0.019 -0.263
  </polygon>
  <excludedPolygons>
    <polygon>
    </polygon>
  </excludedPolygons>
</opencv_storage>
