<?xml version="1.0"?>
<opencv_storage>
    <polygon>
	 -0.179 0.721 
	 0.129 0.726 
	 0.139 0.470 
	 0.442 0.152 
	 0.705 0.141 
	 0.710 -0.165 
	 0.396 -0.164 
	 0.383 0.092 
	 0.075 0.409 
	 -0.179 0.416
    </polygon>
    <excludedPolygons>
    </excludedPolygons>
</opencv_storage>
