<?xml version="1.0"?>
<opencv_storage>
    <polygon>
        0.4 -0.16 0.43 -0.195
        0.72 -0.195 0.765 -0.16
        0.76 0.14 0.72 0.17
        0.47 0.165
        0.18 0.455
        0.18 0.71 0.14 0.75
        -0.15 0.74 -0.19 0.70
        -0.185 0.41 -0.145 0.375
        0.1 0.375
        0.39 0.09
    </polygon>
    <excludedPolygons>
    </excludedPolygons>
</opencv_storage>
