<?xml version="1.0"?>
<opencv_storage>
    <polygon>
        0.4 -0.15 0.44 -0.19
        0.71 -0.19 0.75 -0.15
        0.75 0.13 0.71 0.16
        0.47 0.16
        0.17 0.46
        0.17 0.7 0.13 0.74
        -0.14 0.73 -0.18 0.69
        -0.18 0.42 -0.14 0.38
        0.1 0.38
        0.39 0.09
    <!--    0.4 -0.19 0.75 -0.19 0.75 0.17 0.47 0.16 0.18 0.46 0.17 0.74 -0.18 0.73 -0.18 0.38 0.1 0.37 0.39 0.09 -->
    <!--        0.41 -0.18 0.74 -0.18 0.74 0.15 0.46 0.15 0.17 0.45 0.16 0.73 -0.17 0.72 -0.17 0.39 0.12 0.39 0.41 0.1 -->
    </polygon>
    <excludedPolygons>
    </excludedPolygons>
</opencv_storage>
