<?xml version="1.0"?>
<opencv_storage>
    <polygon>
		-0.155 0.678
		-0.122 0.711
		0.110 0.707
		0.142 0.681
		0.150 0.445
		0.477 0.138
		0.692 0.138
		0.727 0.108
		0.727 -0.135
		0.689 -0.168
		0.461 -0.168
		0.416 -0.139
		0.416 0.104
		0.107 0.405
		-0.124 0.405
		-0.155 0.429
    </polygon>
    <excludedPolygons>
    </excludedPolygons>
</opencv_storage>
